Tiny Neural Network (8x8->2)
Total params: 130

fc.weight ((2, 64)):
tensor([[ 0.0276,  0.0342,  0.0698,  0.0553,  0.0346, -0.1244,  0.0333, -0.0364,
          0.1203,  0.1366, -0.0452, -0.0659, -0.0602, -0.0102, -0.1255,  0.0720,
         -0.2111, -0.0472, -0.0921,  0.0524, -0.0042,  0.1133,  0.1604, -0.0044,
          0.0570,  0.0359,  0.0800,  0.1479,  0.0092,  0.0010,  0.2558, -0.0194,
         -0.1015, -0.0216, -0.1029, -0.2129, -0.0465,  0.0378, -0.0337, -0.1557,
          0.0395, -0.0367,  0.0684,  0.0012,  0.0432, -0.0336,  0.0577,  0.0155,
         -0.0515,  0.0730, -0.0713,  0.0627, -0.0290, -0.0547,  0.1320, -0.1603,
         -0.0533, -0.0285,  0.0431, -0.0126,  0.1643,  0.1481,  0.0342,  0.0600],
        [-0.0429, -0.0885, -0.0750, -0.1268,  0.0148, -0.0026, -0.0407, -0.0359,
          0.0905, -0.1191,  0.1392,  0.0802,  0.0140, -0.0542,  0.0083, -0.0335,
          0.0185,  0.0248,  0.0039, -0.1762, -0.0201,  0.0749, -0.1363,  0.0764,
          0.0705, -0.0197, -0.0644, -0.1696,  0.0394, -0.0382, -0.1668,  0.0465,
          0.0802, -0.0765, -0.0004,  0.0674, -0.0486, -0.0940, -0.0182,  0.0943,
          0.0939, -0.0948, -0.0226, -0.1499,  0.0635, -0.0339,  0.1707,  0.1634,
          0.1219, -0.0531,  0.0605,  0.0455,  0.0368, -0.0956, -0.0049, -0.0773,
         -0.1261, -0.1225,  0.0894, -0.1316,  0.0020, -0.1088, -0.0693, -0.0681]])

fc.bias ((2,)):
tensor([0.0519, 0.0504])

