Tiny Neural Network (8x8->2)
Total params: 130

fc.weight ((2, 64)):
tensor([[ 0.0713,  0.0079,  0.0459,  0.0251,  0.1168, -0.0300,  0.0760,  0.0147,
          0.0998,  0.1220,  0.0721, -0.0679, -0.0232,  0.0396, -0.0761,  0.1139,
         -0.1191, -0.0418, -0.0219, -0.0397,  0.0480,  0.0832,  0.0999,  0.0520,
          0.0652,  0.0495,  0.1055,  0.0972,  0.0955, -0.0235,  0.1201,  0.0279,
         -0.0542, -0.0430,  0.0048, -0.1189, -0.0684,  0.0033, -0.0627, -0.1192,
          0.0124, -0.0527,  0.1127, -0.0741, -0.0064,  0.0378,  0.1057,  0.0709,
         -0.0050,  0.0025, -0.1183,  0.1066,  0.0538, -0.0491,  0.0784, -0.1202,
         -0.1223, -0.1122,  0.1045, -0.0829,  0.0898,  0.1159,  0.0018,  0.1119],
        [-0.0865, -0.0622, -0.0511, -0.0966, -0.0675, -0.0970, -0.0834, -0.0871,
          0.1111, -0.1044,  0.0218,  0.0821, -0.0230, -0.1039, -0.0410, -0.0754,
         -0.0735,  0.0195, -0.0663, -0.0841, -0.0722,  0.1050, -0.0759,  0.0199,
          0.0622, -0.0333, -0.0899, -0.1189, -0.0469, -0.0137, -0.0311, -0.0008,
          0.0330, -0.0551, -0.1082, -0.0266, -0.0268, -0.0596,  0.0108,  0.0578,
          0.1210, -0.0789, -0.0669, -0.0745,  0.1131, -0.1053,  0.1226,  0.1080,
          0.0754,  0.0174,  0.1075,  0.0016, -0.0460, -0.1013,  0.0488, -0.1173,
         -0.0571, -0.0388,  0.0280, -0.0612,  0.0764, -0.0767, -0.0370, -0.1200]])

fc.bias ((2,)):
tensor([0.1005, 0.0018])

